BRITANNIGARVM.

L· “ C. 515
516
517
518
519
520
5215
521⁶
522
523
524
525
526
527
528
5285
5285
529
5305
5305
5304
531
532
5335
5335
534
535
536
537
533
539
540
541
542
543
544
5445
545
546
547
548
549
550
551
552
553
554
555
556
557

L. 29
26
33
34
35
36
37
38
39
40
41
55
42
43
50
44
45
46
54
46
47
52
53
48
49
51

Ι Ι 1 1 1 1 Ι 1 1 Ι

ΙΙΙΙΙΙΙΙΙΙΙΙΙΙΙΙΙΙΙΙΙΙΙΙΙΙ

56
28
30
31
32
63
62

65
61
70
71
73
75
76
74
81
77
80
79
78

ΙΙΙΙΙΙΙΙΙΙΙΙΙΙΙΙΙΙΙΙΙΙΙΙΙΙΙΙΙΙΙΙΙΙΙΙΙΙΙΙΙΙΙΙ

ΙΙΙΙΙΙΙΙΙΙΙΙΙΙΙῙΙΙ
ΙΙΙΙΙΙΙΙΙΙΙΙΙ

67

 

