ADDI'l'AMENTA voL. vll

L. 874 Ο. 419
860 420
861 421
854 422
853 423
850 424
855 425
863 426
856 427
846 428
857 429
862 430
847 431
852 432
849 433
851 434
858 435
859 436
848 437
864 438
869 439
870 440
872 441
875 442
865 443
867 444 -·
866 445

397 868 446

398 871 447

399 448

400 887 449

401 891 450

402 451

403 892 452

404 8848 453

405 880 454

406 455

407 881 456

408 879 457

409 882 458

410 883 459

411 885 460

412 884 et 1844d

412a 886 461 ·-

413 462 -·

414 893 463

415 464 -

C. 370
371
372
379
374
375
376
377
378
379
380
381
382
383
384
385
386
387
388
389
890
391
392
393
394
395
396

Ι 4 4 4 4 4 4 Ι 1 4 Ι Ι 1 Ι 4 4 4 4 4 4 4 4 4 4 4 4 4 4 4
4 4 Ι Ι 4 4 Ι 4

416 906 465
417 903 466
418 904 467

 

