194 999494949994 994. 111

0. 993 - L. 499 0. 941 - L. 914 0. 999
994 - 449 949 - 949 999
99999- 494 949 - 999 991
999 449 944 - 949 999
999 499 949 999
999 499 949 999 994
999 499 947 999 999
8990 494 999 999
999 499 949 999 999
994 499 949 999 999
999 9499 999 999
999 494 999 994 4999
994 499 991 999 4994
999 499 999 1009
909 449 999 194 1009
901 441 994 193 4994
999 449 999 999 4999
999 999 994 4999
949 999 999 4999
944 999 999 4999
949 999 999 4999
949 999 999 4999
944 994 999 4944
949 999 999 4949
949 999 4949
949 994 999 4944
949 - 999 994 4949
949 999 999 4949
999 - 999 999 4949
99499- 999 999 4949
9949 - 999 1019
999 - 999 4999
999 994 4994
994 999 4999
999 999 4999
999 994 4994
999 999 4999
999 999 4999
999 999 4999
999 999 49999
994 999 9499
999 999 4999
993 991 1030
994 999 1031
939 999 4999
999 994 4999
999 999 1034
999 099 1039
999 991 1039
940 999 1031

Ι Ι Ι Ι Ι
Ι Ι Ι Ι Ι Ι Ι Ι Ι Ι Ι Ι Ι Ι Ι Ι Ι Ι Ι

Ι Ι Ι Ι Ι Ι 1 Ι Ι
Ι Ι Ι Ι Ι Ι Ι 1 Ι Ι Ι Ι Ι Ι Ι Ι Ι

Ι 1 Ι Ι Ι 1 Ι

 

