C. 605 - L. 135

606
607
608
609
610
611
612
613
614
615
616
617
618

619 ’

620
3206
621
622
623
624
625
626
627
6284
6286
629
630
631
6316
632
633
634
695
636
637
633Ι
639
640
641
642
643
644
645
646
647
648
649
650
651

ΙΙΙΙΙΙΙΙΙΙΙΙΙ

138

” 143

136
142
147
145
140
144
137
141
118
153
154
155

158
157
161
159
160
162
163
164
165
166
167
169
168
932
193
187

179
177
178
173
176

172⁴

175
182
184
183
189
190
191
185

675
180

0. 652
653
654
655
656
657
658
659
660
661
662
663
664
665
666
667
668
669
670
671
672
673
674
675
676
677
673
673
630
631
632
633
684
635
6864
6366
637
688
639
690
691
692
693
694
695
696
697
693
699
700

- L. 186 C. 701

1 1 1 1 1 Ι 1 Ι 1 Ι Ι Ι Ι

702
703
704
705
706
707
708
709
710
711
712
713
714
715
716
717
718
719
720
721
722
723
724

725 ·

726
727
728
729
730
731
732
733
734

- L. 257

1 1 1 1 Ι Ι Ι Ι Ι Ι

735α.6 -

736
737
738
739
740
741
742
743
744
745
746
747
748
749

’ 750

Ι 1 Ι 1 Ι Ι Ι 1 1 Ι Ι Ι Ι

250
251
244
245
246
248
247

. 254

253
255
260

262
264
266
265
267
268
269

 

